88
74
69
65
61
57
54
51
48
45
42
40
38
36
160
62
72
81
89
97
107
114
119
125
132
139
145
149
153
157
161
162
164
166
169
170
171
172
172
173
173
171
171
169
169
168
169
169
168
169
169
169
169
169
169
169
168
168
169
167
166
167
167
166
167
167
167
167
167
167
168
168
168
168
168
169
169
169
169
169
169
169
169
169
168
168
168
168
168
168
168
168
168
168
168
168
168
168
168
168
168
168
168
168
168
168
168
168
168
168
168
168
168
168
169
169
170
171
171
172
172
172
172
172
172
172
172
172
171
170
170
170
169
169
169
169
169
169
169
169
169
169
170
170
169
169
169
169
169
169
169
168
168
168
168
169
169
169
169
169
169
169
169
169
168
168
168
168
166
166
164
163
162
160
158
156
155
153
152
150
148
147
146
145
143
142
139
138
136
134
132
130
127
125
124
122
120
117
115
113
111
109
106
103
101
100
97
96
94
93
91
89
88
86
86
84
83
82
79
79
78
76
75
74
73
72
72
70
70
70
69
69
69
69
69
69
69
69
69
69
69
69
68
68
69
69
69
69
69
69
68
68
67
67
66
66
66
67
69
71
74
76
79
81
84
87
89
92
96
99
103
108
115
120
124
129
135
140
144
148
152
155
158
160
162
165
165
166
167
168
168
168
168
167
167
168
168
167
167
167
167
167
167
167
167
167
167
167
167
168
168
168
168
168
168
168
167
167
167
167
168
168
168
168
168
167
167
168
168
168
168
168
168
168
168
168
168
168
168
168
168
168
168
168
168
168
168
168
168
168
168
168
167
168
168
168
168
168
168
168
168
168
168
168
168
168
168
168
167
167
166
165
163
161
159
157
155
153
151
149
148
146
143
139
135
133
130
128
126
123
120
118
116
115
114
114
113
113
113
113
113
113
113
113
113
113
113
113
113
113
113
113
113
113
113
113
112
112
113
113
113
113
113
113
113
113
113
113
113
113
114
114
114
114
114
114
115
115
115
115
115
115
115
115
115
115
116
115
115
115
115
116
116
116
115
115
115
115
115
115
115
114
114
111
108
106
103
100
98
94
90
88
84
82
78
75
72
69
65
63
61
58
56
54
51
49
47
45
43
42
40
37
36
34
33
31
29
27
26
25
25
24
24
24
158
158
158
158
160
160
160
160
158
157
26
26
26
27
27
27
27
27
27
28
28
28
28
28
28
28
28
28
28
28
28
28
28
28
28
28
28
28
28
28
28
28
28
28
28
28
28
28
28
28
28
28
28
28
28
28
28
28
28
28
28
28
28
28
28
28
28
28
28
28
28
28
28
28
28
28
28
29
28
28
28
28
28
28
28
28
28
28
28
28
28
28
28
28
28
28
28
28
28
28
28
29
29
29
29
29
28
28
28
28
28
29
28
28
28
28
28
28
28
28
28
28
28
28
28
28
28
28
28
28
28
28
28
28
28
28
28
28
28
28
28
28
28
28
28
28
28
28
28
28
28
28
28
28
28
28
28
28
28
28
28
28
28
28
28
28
28
28
28
28
28
28
28
28
28
28
28
28
28
28
28
28
28
28
28
28
28
28
27
27
27
27
27
28
28
28
28
28
28
28
28
28
28
28
28
28
28
28
28
28
28
28
28
28
28
28
28
28
28
28
28
28
28
28
28
28
28
28
28
28
28
28
28
28
28
28
28
28
28
28
28
28
28
28
28
28
28
28
28
28
28
28
28
28
28
28
28
28
28
28
28
28
28
28
28
28
28
28
28
28
28
28
28
28
28
28
28
28
28
28
28
28
28
28
28
28
28
28
28
28
28
28
28
28
29
29
29
29
29
29
29
29
29
29
29
28
29
29
28
28
28
28
28
28
28
28
28
28
28
28
28
28
28
28
28
